100
100
1
39094
43893
97576
74789
98278
30812
33411
90391
21411
20052
79712
68822
4456
98192
93993
64112
87890
42539
58072
77512
87960
74263
67959
21017
80840
37922
14922
24010
84504
93090
3130
26511
4157
32556
82980
53903
65173
8826
79229
63193
22012
45781
94871
25275
98607
41955
96328
31054
95034
34173
82801
40737
57671
8539
6800
46319
97623
8155
78198
96170
33343
33729
29484
90681
35157
3973
98840
55426
89426
36071
55356
86703
8730
96872
61253
25746
88401
86116
31235
31657
5317
58903
77799
57155
42824
32678
82959
36784
59322
27395
91033
45965
33194
88967
71383
13715
82480
45168
34111
59179

